(PA) Movies Part 1
Running my movie_data.rb:
10 Most Popular:
50
100
181
258
174
127
286
1
98
288
10 Least Popular:
1587
1626
1557
1659
852
1493
1570
1583
1486
1320
Similarity to 1 in descending order
1
876
418
812
767
691
433
105
237
516
69
800
895
702
662
117
53
8
247
60
867
344
226
359
664
923
600
549
476
252
501
473
776
540
267
413
785
51
136
794
315
738
138
135
479
468
151
643
283
111
232
694
210
215
22
394
550
556
886
397
96
292
730
419
528
592
848
28
583
276
467
457
697
892
453
686
59
814
696
9
45
520
770
842
429
65
758
251
757
916
573
815
264
640
661
66
883
244
57
345
379
115
123
32
748
579
514
249
165
503
402
64
339
320
94
680
613
29
278
142
877
826
107
628
889
303
25
543
804
44
932
412
10
257
360
487
306
864
880
334
836
253
781
114
629
184
311
328
213
861
274
799
323
435
806
398
682
296
291
169
469
659
370
875
621
187
924
263
554
763
754
484
718
381
504
823
645
494
474
840
42
361
392
582
624
378
84
860
75
615
803
27
118
407
715
301
481
92
746
545
91
295
936
58
929
569
218
577
46
647
343
844
564
216
870
409
910
442
606
294
447
369
744
122
415
743
70
233
497
52
455
87
862
769
176
581
238
905
788
391
411
506
420
793
874
389
77
737
322
603
903
97
846
893
55
11
308
449
890
899
879
373
268
144
350
178
290
851
508
197
199
120
622
650
331
641
773
591
500
16
658
679
535
72
299
30
590
103
780
566
871
307
786
778
560
346
525
95
222
741
838
539
160
829
711
145
221
749
272
709
121
430
922
76
421
523
710
911
275
99
177
458
493
894
934
246
23
200
6
198
747
271
727
909
309
605
533
259
717
530
139
703
822
266
273
192
162
79
329
351
282
352
558
155
830
884
395
512
260
134
12
485
687
700
93
156
585
755
701
522
24
667
375
768
584
835
203
383
692
941
175
387
406
313
158
293
488
882
751
632
542
119
721
671
298
663
436
897
89
795
248
716
666
13
106
41
831
552
18
676
850
456
450
536
5
426
492
684
521
499
425
62
665
340
567
526
805
852
689
56
670
243
913
553
80
354
472
766
85
792
17
648
527
707
90
683
674
532
416
37
896
14
297
83
555
417
254
638
67
722
491
807
653
189
597
208
765
678
906
495
214
148
270
625
790
363
48
513
460
130
333
185
227
256
250
43
524
496
188
7
868
440
194
480
618
287
595
154
368
834
332
102
627
109
881
338
925
888
574
634
150
348
182
239
538
908
441
310
464
736
2
728
725
312
82
437
318
54
802
125
285
742
128
235
466
509
377
390
561
619
594
789
633
68
422
796
347
828
614
817
371
735
580
439
131
486
376
305
465
73
393
764
124
116
380
289
636
933
854
337
367
719
821
839
149
938
448
71
907
898
21
172
601
885
654
756
779
546
280
26
498
110
132
31
225
174
847
733
452
286
288
921
183
157
463
586
608
86
229
920
651
827
408
604
321
724
565
327
336
279
349
517
201
255
610
386
108
234
193
777
943
901
593
224
940
342
693
236
365
207
230
623
541
919
705
330
690
137
39
242
708
845
607
568
576
849
841
364
672
470
912
551
869
602
706
399
477
630
104
113
669
660
699
759
626
843
195
325
190
887
655
878
753
863
819
403
81
557
704
575
374
396
642
454
180
478
537
262
444
891
423
720
353
34
939
400
926
791
571
401
548
277
833
927
563
164
245
163
635
588
714
432
74
723
734
668
859
101
483
510
319
152
825
141
942
837
438
731
534
217
928
937
100
620
609
133
505
797
712
63
314
372
404
739
269
798
902
212
649
98
385
20
518
326
639
357
40
191
656
811
657
443
787
47
531
61
931
559
644
490
382
872
168
782
677
19
461
204
167
857
572
284
414
596
813
171
507
15
196
159
459
219
761
900
652
49
698
771
774
760
599
918
127
745
775
147
410
935
865
637
211
231
186
434
587
475
726
316
740
220
240
675
611
562
223
50
388
858
300
302
265
598
917
161
612
129
853
209
930
324
462
202
471
366
358
405
181
143
820
304
729
617
179
446
616
206
544
818
855
362
428
570
866
631
750
547
832
146
78
166
646
713
38
451
153
529
904
578
445
772
424
515
502
482
173
427
801
673
4
784
140
752
3
205
808
695
35
816
356
261
856
873
384
228
809
489
824
112
335
241
589
170
258
783
317
126
33
431
355
519
762
914
915
36
685
810
281
341
732
511
681
688
88
